000054744
000054745
000054746
000054747
000054748
000054749
000054750
000054751
000054752
000054753
000054754
000054755
000054756
000054757
000054758
000054759
000054760
000054761
000054762
000054763
000054764
000054765
000054766
000054767
000054768
000054769
000054770
000054771
000054772
000054773
000054774
000054775
000054776
000054777
000054778
000054779
000054780
000054781
000054782
000054783
000054784
000054786
000054787
000054788
000054789
000054790
000054791
000054792
000054793
000054794
000054795
000054796
000054797
000054798
000054799
000054800
000054801
000054802
000054803
000054804
000054805
000054806
000054807
000054808
000054809
000054810
000054811
000054812
000054813
000054814
000054815
000054816
000054818
000054819
000054820
000054821
000054822
000054823
000054824
000054825
000054826
000054827
000054828
000054829
000054830
000054831
000054832
000054833
000054834
000054835
000054836
000054837
000054838
000054839
000054840
000054841
000054842
000054843
000054844
000054845
000054846
000054847
000054848
000054849
000054850
000054851
000054852
000054853
000054854
000054855
000054856
000054857
000054858
000054859
000054860
000054861
000054862
000054863
000054864
000054865
000054866
000054867
000054868
000054869
000054870
000054871
000054872
000054873
000054874
000054875
000054876
000054877
000054878
000054879
000054880
000054881
000054882
000054883
000054884
000054885
000054886
000054887
000054888
000054889
000054890
000054891
000054892
000054893
000054894
000054895
000054896
000054897
000054898
000054899
000054900
000054901
000054902
000054903
000054904
000054905
000054906
000054907
000054908
000054909
000054910
000054911
000054912
000054913
000054914
000054915
000054916
000054917
000054918
000054919
000054920
000054921
000054922
000054923
000054924
000054925
000054926
000054927
000054928
000054929
000054930
000054931
000054932
000054933
000054934
000054935
000054936
000054937
000054938
000054939
000054940
000054941
000054942
000054943
000054944
000054945
000054946
000054947
000054948
000054949
000054950
000054951
000054952
000054953
000054954
000054955
000054956
000054957
000054958
000054959
000054960
000054961
000054962
000054963
000054964
000054965
000054966
000054967
000054968
000054969
000054970
000054971
000054972
000054973
000054974
000054975
000054976
000054977
000054978
000054979
000054980
000054981
000054982
000054983
000054984
000054985
000054986
000054987
000054988
000054989
000054990
000054991
000054992
000054993
000054994
000054995
000054996
000054997
000054998
000054999
000055000
000055001
000055002
000055003
000055004
000055005
000055006
000055007
000055008
000055009
000055010
000055011
000055012
000055013
000055014
000055015
000055016
000055017
000055018
000055019
000055020
000055021
000055022
000055023
000055024
000055025
000055026
000055027
000055028
000055029
000055030
000055031
000055032
000055033
000055034
000055035
000055036
000055037
000055038
000055039
000055040
000055041
000055042
000055043
000055044
000055045
000055046
000055047
000055048
000055049
000055050
000055051
000055052
000055053
000055054
000055055
000055056
000055057
000055058
000055059
000055060
000055061
000055062
000055063
000055064
000055065
000055066
000055067
000055068
000055069
000055070
000055071
000055072
000055073
000055074
000055075
000055076
000055077
000055078
000055079
000055080
000055081
000055082
000055083
000055084
000055085
000055086
000055087
000055088
000055089
000055090
000055091
000055092
000055093
000055094
000055095
000055096
000055097
000055098
000055099
000055100
000055101
000055102
000055103
000055104
000055105
000055106
000055107
000055108
000055109
000055110
000055111
000055112
000055113
000055114
000055115
000055116
000055117
000055118
000055119
000055120
000055121
000055122
000055123
000055124
000055125
000055126
000055127
000055128
000055129
000055130
000055131
000055132
000055133
000055134
000055135
000055136
000055137
000055138
000055139
000055140
000055141
000055142
000055143
000055144
000055145
000055146
000055147
000055148
000055149
000055150
000055151
000055152
000055153
000055154
000055155
000055156
000055157
000055158
000055159
000055160
000055161
000055162
000055163
000055164
000055165
000055166
000055167
000055168
000055169
000055170
000055171
000055172
000055173
000055174
000055175
000055176
000055177
000055178
000055179
000055180
000055181
000055182
000055183
000055184
000055185
000055186
000055187
000055188
000055189
000055190
000055191
000055192
000055193
000055194
000055195
000055196
000055197
000055198
000055199
000055200
000055201
000055202
000055203
000055205
000055206
000055207
000055208
000055209
000055211
000055213
000055216
000055217
000055219
000055221
000055222
000055223
000055224
000055225
000055226
000055227
000055228
000055229
000055230
000055231
000055232
000055233
000055234
000055235
000055236
000055237
000055238
000055239
000055240
000055241
000055242
000055243
000055244
000055245
000055246
000055247
000055248
000055249
000055250
000055251
000055252
000055253
000055254
000055255
000055256
000055257
000055258
000055259
000055260
000055261
000055262
000055263
000055264
000055265
000055266
000055267
000055268
000055269
000055270
000055271
000055272
000055273
000055274
000055275
000055276
000055277
000055278
000055279
000055280
000055281
000055282
000055283
000055284
000055285
000055286
000055287
000055290
000055291
000055292
000055293
000055294
000055295
000055296
000055297
000055298
000055299
000055300
000055301
000055302
000055303
000055304
000055305
000055306
000055307
000055308
000055309
000055310
000055311
000055312
000055313
000055314
000055315
000055316
000055317
000055318
000055319
000055320
000055321
000055322
000055324
000055325
000055326
000055327
000055328
000055329
000055330
000055331
000055332
000055333
000055334
000055335
000055336
000055337
000055338
000055339
000055340
000055341
000055342
000055343
000055344
000055345
000055346
000055347
000055348
000055349
000055350
000055351
000055352
000055353
000055354
000055355
000055356
000055357
000055358
000055359
000055360
000055361
000055362
000055363
000055364
000055365
000055366
000055367
000055368
000055369
000055370
000055371
000055372
000055373
000055374
000055375
000055376
000055377
000055378
000055379
000055381
000055382
000055383
000055384
000055385
000055386
000055387
000055388
000055389
000055390
000055391
000055392
000055393
000055394
000055395
000055396
000055397
000055398
000055399
000055400
000055401
000055402
000055403
000055404
000055405
000055406
000055407
000055408
000055409
000055410
000055411
000055412
000055413
000055414
000055415
000055416
000055417
000055418
000055419
000055420
000055421
000055422
000055423
000055424
000055425
000055426
000055427
000055428
000055429
000055430
000055431
000055432
000055433
000055434
000055435
000055436
000055437
000055438
000055439
000055440
000055441
000055442
000055443
000055444
000055445
000055446
000055447
000055448
000055449
000055450
000055451
000055452
000055453
000055454
000055455
000055456
000055457
000055458
000055459
000055460
000055461
000055462
000055463
000055464
000055465
000055466
000055467
000055468
000055469
000055470
000055471
000055472
000055473
000055474
000055475
000055476
000055477
000055478
000055479
000055480
000055481
000055482
000055483
000055484
000055485
000055486
000055487
000055488
000055489
000055490
000055491
000055492
000055493
000055494
000055495
000055496
000055497
000055498
000055499
000055500
000055501
000055502
000055503
000055504
000055505
000055506
000055507
000055508
000055509
000055510
000055511
000055512
000055513
000055514
000055515
000055516
000055517
000055518
000055519
000055520
000055521
000055522
000055523
000055524
000055525
000055526
000055527
000055528
000055529
000055530
000055531
000055532
000055533
000055534
000055535
000055536
000055537
000055538
000055539
000055540
000055541
000055542
000055543
000055544
000055545
000055546
000055547
000055548
000055549
000055550
000055551
000055552
000055553
000055554
000055555
000055556
000055557
000055558
000055559
000055560
000055561
000055562
000055563
000055564
000055565
000055566
000055567
000055568
000055569
000055570
000055571
000055572
000055573
000055574
000055575
000055576
000055577
000055578
000055579
000055580
000055581
000055582
000055583
000055584
000055585
000055586
000055587
000055588
000055589
000055590
000055591
000055592
000055593
000055594
000055595
000055596
000055597
000055598
000055599
000055600
000055601
000055602
000055603
000055604
000055605
000055606
000055607
000055608
000055609
000055610
000055611
000055612
000055613
000055614
000055615
000055616
000055617
000055618
000055619
000055620
000055621
000055622
000055623
000055624
000055625
000055626
000055627
000055628
000055629
000055630
000055631
000055632
000055633
000055634
000055635
000055636
000055637
000055638
000055639
000055640
000055641
000055642
000055643
000055644
000055645
000055646
000055647
000055648
000055649
000055650
000055651
000055652
000055653
000055654
000055655
000055656
000055657
000055658
000055659
000055660
000055661
000055662
000055663
000055664
000055665
000055666
000055667
000055668
000055669
000055670
000055671
000055672
000055673
000055674
000055675
000055676
000055677
000055678
000055679
000055680
000055681
000055682
000055683
000055684
000055685
000055686
000055687
000055688
000055689
000055690
000055691
000055692
000055693
000055694
000055695
000055696
000055697
000055698
000055699
000055700
000055701
000055702
000055703
000055704
000055705
000055706
000055707
000055708
000055709
000055710
000055711
000055712
000055713
000055714
000055715
000055716
000055717
000055718
000055719
000055720
000055721
000055722
000055723
000055724
000055725
000055726
000055727
000055728
000055729
000055730
000055731
000055732
000055733
000055734
000055735
000055736
000055737
000055738
000055739
000055740
000055741
000055742
000055743
000055744
000055745
000055746
000055747
000055748
000055749
000055750
000055751
000055752
000055753
000055754
000055755
000055756
000055757
000055758
000055759
000055760
000055761
000055762
000055763
000055764
000055765
000055766
000055767
000055768
000055769
000055770
000055771
000055772
000055773
000055774
000055775
000055776
000055777
000055778
000055779
000055780
000055781
000055782
000055783
000055784
000055785
000055786
000055787
000055788
000055789
000055790
000055791
000055792
000055793
000055794
000055795
000055796
000055797
000055798
000055799
000055800
000055801
000055802
000055803
000055804
000055805
000055806
000055807
000055808
000055809
000055810
000055811
000055812
000055813
000055814
000055815
000055816
000055817
000055818
000055819
000055820
000055821
000055822
000055823
000055824
000055825
000055826
000055827
000055828
000055829
000055830
000055831
000055832
000055833
000055834
000055835
000055836
000055837
000055838
000055839
000055840
000055841
000055842
000055843
000055844
000055845
000055846
000055847
000055848
000055849
000055850
000055851
000055852
000055853
000055854
000055855
000055856
000055857
000055858
000055859
000055860
000055861
000055862
000055863
000055864
000055865
000055866
000055867
000055868
000055869
000055870
000055871
000055872
000055873
000055874
000055875
000055876
000055877
000055878
000055879
000055880
000055881
000055882
000055883
000055884
000055885
000055886
000055887
000055888
000055889
000055890
000055891
000055892
000055893
000055894
000055895
000055896
000055897
000055898
000055899
000055900
000055901
000055902
000055903
000055904
000055905
000055906
000055907
000055908
000055909
000055910
000055911
000055912
000055913
000055914
000055915
000055916
000055917
000055918
000055919
000055920
000055921
000055922
000055923
000055924
000055925
000055926
000055927
000055928
000055929
000055930
000055931
000055932
000055933
000055934
000055935
000055936
000055937
000055938
000055939
000055940
000055941
000055942
000055943
000055944
000055945
000055946
000055947
000055948
000055949
000055950
000055951
000055952
000055953
000055954
000055955
000055956
000055957
000055958
000055959
000055960
000055961
000055962
000055963
000055964
000055965
000055966
000055967
000055968
000055969
000055970
000055971
000055972
000055973
000055974
000055975
000055976
000055977
000055978
000055979
000055980
000055981
000055982
000055983
000055984
000055985
000055986
000055987
000055988
000055989
000055990
000055991
000055992
000055993
000055994
000055995
000055996
000055997
000055998
000055999
000056000
000056001
000056002
000056003
000056004
000056005
000056006
000056007
000056008
000056009
000056010
000056011
000056012
000056013
000056014
000056015
000056016
000056017
000056018
000056019
000056020
000056021
000056022
000056023
000056024
000056025
000056026
000056027
000056028
000056029
000056030
000056032
000056033
000056034
000056035
000056036
000056037
000056038
000056039
000056040
000056041
000056042
000056043
000056044
000056045
000056046
000056047
000056048
000056049
000056050
000056051
000056052
000056053
000056054
000056055
000056056
000056057
000056058
000056059
000056060
000056061
000056062
000056063
000056064
000056065
000056066
000056067
000056068
000056069
000056070
000056071
000056072
000056073
000056074
000056075
000056076
000056077
000056078
000056079
000056080
000056081
000056082
000056083
000056084
000056085
000056086
000056087
000056088
000056089
000056090
000056091
000056092
000056093
000056094
000056095
000056096
000056097
000056098
000056099
000056100
000056101
000056102
000056103
000056104
000056105
000056106
000056107
000056108
000056109
000056110
000056111
000056112
000056113
000056114
000056115
000056116
000056117
000056118
000056119
000056120
000056121
000056122
000056123
000056124
000056125
000056126
000056127
000056128
000056129
000056130
000056131
000056132
000056133
000056134
000056135
000056136
000056137
000056138
000056139
000056140
000056141
000056142
000056143
000056144
000056145
000056146
000056147
000056148
000056149
000056150
000056151
000056152
000056153
000056154
000056155
000056156
000056157
000056158
000056159
000056160
000056161
000056162
000056163
000056164
000056165
000056166
000056167
000056168
000056169
000056170
000056171
000056172
000056173
000056174
000056175
000056176
000056177
000056178
000056179
000056180
000056181
000056182
000056183
000056184
000056185
000056186
000056187
000056188
000056189
000056190
000056191
000056192
000056193
000056194
000056195
000056196
000056197
000056198
000056199
000056200
000056201
000056202
000056203
000056204
000056205
000056206
000056207
000056208
000056209
000056210
000056211
000056212
000056213
000056214
000056215
000056216
000056217
000056218
000056219
000056220
000056221
000056222
000056223
000056224
000056225
000056226
000056227
000056228
000056229
000056230
000056231
000056232
000056233
000056234
000056235
000056236
000056237
000056238
000056239
000056240
000056241
000056242
000056243
000056244
000056245
000056246
000056247
000056248
000056249
000056250
000056251
000056252
000056253
000056254
000056255
000056256
000056257
000056258
000056259
000056260
000056261
000056262
000056263
000056264
000056265
000056266
000056267
000056268
000056269
000056270
000056271
000056272
000056273
000056274
000056275
000056276
000056277
000056278
000056279
000056280
000056281
000056282
000056283
000056284
000056285
000056286
000056287
000056288
000056289
000056290
000056291
000056292
000056293
000056294
000056295
000056296
000056297
000056298
000056299
000056300
000056301
000056302
000056303
000056304
000056305
000056306
000056307
000056308
000056309
000056310
000056311
000056312
000056313
000056314
000056315
000056316
000056317
000056318
000056319
000056320
000056321
000056322
000056323
000056324
000056325
000056326
000056327
000056328
000056329
000056330
000056331
000056332
000056333
000056334
000056335
000056336
000056337
000056338
000056339
000056340
000056341
000056342
000056343
000056344
000056345
000056346
000056347
000056348
000056349
000056350
000056351
000056352
000056353
000056354
000056355
000056356
000056357
000056358
000056359
000056360
000056361
000056362
000056363
000056364
000056365
000056366
000056367
000056368
000056369
000056370
000056371
000056372
000056373
000056374
000056375
000056376
000056377
000056378
000056379
000056380
000056381
000056382
000056383
000056384
000056385
000056386
000056387
000056388
000056389
000056390
000056391
000056392
000056393
000056394
000056395
000056396
000056397
000056398
000056399
000056400
000056401
000056402
000056403
000056404
000056405
000056406
000056407
000056408
000056409
000056410
000056411
000056412
000056413
000056414
000056415
000056416
000056417
000056418
000056419
000056420
000056421
000056422
000056423
000056424
000056425
000056426
000056427
000056428
000056429
000056430
000056431
000056432
000056433
000056434
000056435
000056436
000056437
000056438
000056439
000056440
000056441
000056442
000056443
000056444
000056445
000056446
000056447
000056448
000056449
000056450
000056451
000056452
000056453
000056454
000056455
000056456
000056457
000056458
000056459
000056460
000056461
000056462
000056463
000056464
000056465
000056466
000056467
000056468
000056469
000056470
000056471
000056472
000056473
000056474
000056475
000056476
000056477
000056478
000056479
000056480
000056481
000056482
000056483
000056484
000056485
000056486
000056487
000056488
000056489
000056490
000056491
000056492
000056493
000056494
000056495
000056496
000056497
000056498
000056499
000056500
000056501
000056502
000056503
000056504
000056505
000056506
000056507
000056508
000056509
000056510
000056511
000056512
000056513
000056514
000056515
000056516
000056517
000056518
000056519
000056520
000056521
000056522
000056523
000056524
000056525
000056526
000056527
000056528
000056529
000056530
000056531
000056532
000056533
000056534
000056535
000056536
000056537
000056538
000056539
000056540
000056541
000056542
000056543
000056544
000056545
000056546
000056547
000056548
000056549
000056550
000056551
000056552
000056553
000056554
000056555
000056556
000056557
000056558
000056559
000056560
000056561
000056562
000056563
000056564
000056565
000056566
000056567
000056568
000056569
000056570
000056571
000056572
000056573
000056574
000056575
000056576
000056577
000056578
000056579
000056580
000056581
000056582
000056583
000056584
000056585
000056586
000056587
000056588
000056589
000056590
000056591
000056592
000056593
000056594
000056595
000056596
000056597
000056598
000056599
000056600
000056601
000056602
000056603
000056604
000056605
000056606
000056607
000056608
000056609
000056610
000056611
000056612
000056613
000056614
000056615
000056616
000056617
000056618
000056619
000056620
000056621
000056622
000056623
000056624
000056625
000056626
000056627
000056628
000056629
000056630
000056631
000056632
000056633
000056634
000056635
000056636
000056637
000056638
000056639
000056640
000056641
000056642
000056643
000056644
000056645
000056646
000056647
000056648
000056649
000056650
000056651
000056652
000056653
000056654
000056655
000056656
000056657
000056658
000056659
000056660
000056661
000056662
000056663
000056664
000056665
000056666
000056667
000056668
000056669
000056670
000056671
000056672
000056673
000056674
000056675
000056676
000056677
000056678
000056679
000056680
000056681
000056682
000056683
000056684
000056685
000056686
000056687
000056688
000056689
000056690
000056691
000056692
000056693
000056694
000056695
000056696
000056697
000056698
000056699
000056700
000056701
000056702
000056703
000056704
000056705
000056706
000056707
000056708
000056709
000056710
000056711
000056712
000056713
000056714
000056715
000056716
000056717
000056718
000056719
000056720
000056721
000056722
000056723
000056724
000056725
000056726
000056727
000056728
000056729
000056730
000056731
000056732
000056733
000056734
000056735
000056736
000056737
000056738
000056739
000056740
000056741
000056742
000056743
000056744
000056745
000056746
000056747
000056748
000056749
000056750
000056751
000056752
000056753
000056754
000056755
000056756
000056757
000056758
000056759
000056760
000056761
000056762
000056763
000056764
000056765
000056766
000056767
000056768
000056769
000056770
000056771
000056772
000056773
000056774
000056775
000056776
000056777
000056778
000056779
000056780
000056781
000056782
000056783
000056784
000056785
000056786
000056787
000056788
000056789
000056790
000056791
000056792
000056793
000056794
000056795
000056796
000056797
000056798
000056799
000056800
000056801
000056802
000056803
000056804
000056805
000056806
000056807
000056808
000056809
000056810
000056811
000056812
000056813
000056814
000056815
000056816
000056817
000056818
000056819
000056820
000056821
000056822
000056823
000056824
000056825
000056826
000056827
000056828
000056829
000056830
000056831
000056832
000056833
000056834
000056835
000056836
000056837
000056838
000056839
000056840
000056841
000056842
000056843
000056844
000056845
000056846
000056847
000056848
000056849
000056850
000056851
000056852
000056853
000056854
000056855
000056856
000056857
000056858
000056859
000056860
000056861
000056862
000056863
000056864
000056865
000056866
000056867
000056868
000056869
000056870
000056871
000056872
000056873
000056874
000056875
000056876
000056877
000056878
000056879
000056880
000056881
000056882
000056883
000056884
000056885
000056886
000056887
000056888
000056889
000056890
000056891
000056892
000056893
000056894
000056895
000056896
000056897
000056898
000056899
000056900
000056901
000056902
000056903
000056904
000056905
000056906
000056907
000056908
000056909
000056910
000056911
000056912
000056913
000056914
000056915
000056916
000056917
000056918
000056919
000056920
000056921
000056922
000056923
000056924
000056925
000056926
000056927
000056928
000056929
000056930
000056931
000056932
000056933
000056934
000056935
000056936
000056937
000056938
000056939
000056940
000056941
000056942
000056943
000056944
000056945
000056946
000056947
000056948
000056949
000056950
000056951
000056952
000056953
000056954
000056955
000056956
000056957
000056958
000056959
000056960
000056961
000056962
000056963
000056964
000056965
000056966
000056967
000056968
000056969
000056970
000056971
000056972
000056973
000056974
000056975
000056976
000056978
000056979
000056980
000056981
000056982
000056983
000056984
000056985
000056986
000056987
000056988
000056989
000056990
000056991
000056992
000056993
000056994
000056995
000056996
000056997
000056998
000056999
000057000
000057001
000057002
000057003
000057004
000057005
000057006
000057007
000057008
000057009
000057010
000057011
000057012
000057013
000057014
000057015
000057016
000057017
000057018
000057019
000057020
000057021
000057022
000057023
000057024
000057025
000057026
000057027
000057028
000057029
000057030
000057031
000057032
000057033
000057034
000057035
000057036
000057037
000057038
000057039
000057040
000057041
000057042
000057043
000057044
000057045
000057046
000057047
000057048
000057049
000057050
000057051
000057052
000057053
000057054
000057055
000057056
000057057
000057058
000057059
000057060
000057061
000057062
000057063
000057064
000057065
000057066
000057067
000057068
000057069
000057070
000057071
000057072
000057073
000057074
000057075
000057076
000057077
000057078
000057079
000057080
000057081
000057082
000057083
000057084
000057085
000057086
000057087
000057088
000057089
000057090
000057091
000057092
000057093
000057094
000057095
000057096
000057097
000057098
000057099
000057100
000057101
000057102
000057103
000057104
000057105
000057106
000057107
000057108
000057109
000057110
000057111
000057112
000057113
000057114
000057115
000057116
000057117
000057118
000057119
000057120
000057121
000057122
000057123
000057124
000057125
000057126
000057127
000057128
000057129
000057130
000057131
000057132
000057133
000057134
000057135
000057136
000057137
000057138
000057139
000057140
000057141
000057142
000057143
000057144
000057145
000057146
000057147
000057148
000057149
000057150
000057151
000057152
000057153
000057154
000057155
000057156
000057157
000057158
000057159
000057160
000057161
000057162
000057163
000057164
000057165
000057166
000057167
000057168
000057169
000057170
000057171
000057172
000057173
000057174
000057175
000057176
000057177
000057178
000057179
000057180
000057181
000057182
000057183
000057184
000057185
000057186
000057187
000057188
000057189
000057190
000057191
000057192
000057193
000057194
000057195
000057196
000057197
000057198
000057199
000057200
000057201
000057202
000057203
000057204
000057205
000057206
000057207
000057208
000057209
000057210
000057211
000057212
000057213
000057214
000057215
000057216
000057217
000057218
000057219
000057220
000057221
000057222
000057223
000057224
000057225
000057226
000057227
000057228
000057229
000057230
000057231
000057232
000057233
000057234
000057235
000057236
000057237
000057238
000057239
000057240
000057241
000057242
000057243
000057244
000057245
000057246
000057247
000057248
000057249
000057250
000057251
000057252
000057253
000057254
000057255
000057256
000057257
000057258
000057259
000057260
000057261
000057262
000057263
000057264
000057265
000057266
000057267
000057268
000057269
000057270
000057271
000057272
000057273
000057274
000057275
000057276
000057277
000057278
000057279
000057280
000057281
000057282
000057283
000057284
000057285
000057286
000057287
000057288
000057289
000057290
000057291
000057292
000057293
000057294
000057295
000057296
000057297
000057298
000057299
000057300
000057301
000057302
000057303
000057304
000057305
000057306
000057307
000057308
000057309
000057310
000057311
000057312
000057313
000057314
000057315
000057316
000057317
000057318
000057319
000057320
000057321
000057322
000057323
000057324
000057325
000057326
000057327
000057328
000057329
000057330
000057331
000057332
000057333
000057334
000057335
000057336
000057337
000057338
000057339
000057340
000057341
000057342
000057343
000057344
000057345
000057346
000057347
000057348
000057349
000057350
000057351
000057352
000057353
000057354
000057355
000057356
000057357
000057358
000057359
000057360
000057361
000057362
000057363
000057364
000057365
000057366
000057367
000057368
000057369
000057370
000057371
000057372
000057373
000057374
000057375
000057376
000057377
000057378
000057379
000057380
000057381
000057382
000057383
000057384
000057385
000057386
000057387
000057388
000057389
000057390
000057391
000057392
000057393
000057394
000057395
000057396
000057397
000057398
000057399
000057400
000057401
000057402
000057403
000057404
000057405
000057406
000057407
000057408
000057409
000057410
000057411
000057412
000057413
000057414
000057415
000057416
000057417
000057418
000057419
000057420
000057421
000057422
000057423
000057424
000057425
000057426
000057427
000057428
000057429
000057430
000057431
000057433
000057434
000057435
000057436
000057437
000057438
000057439
000057440
000057441
000057442
000057443
000057444
000057445
000057446
000057447
000057448
000057449
000057450
000057451
000057452
000057453
000057454
000057455
000057456
000057457
000057458
000057459
000057460
000057461
000057462
000057463
000057464
000057465
000057466
000057467
000057468
000057469
000057470
000057471
000057472
000057473
000057474
000057475
000057476
000057477
000057480
000057481
000057482
000057483
000057484
000057485
000057486
000057487
000057488
000057489
000057490
000057491
000057492
000057493
000057494
000057495
000057496
000057497
000057498
000057499
000057500
000057501
000057502
000057503
000057504
000057505
000057506
000057507
000057508
000057509
000057510
000057511
000057512
000057513
000057514
000057515
000057516
000057517
000057518
000057519
000057520
000057521
000057522
000057523
000057524
000057525
000057526
000057527
000057528
000057529
000057530
000057531
000057532
000057533
000057534
000057535
000057536
000057537
000057538
000057539
000057540
000057541
000057542
000057543
000057544
000057545
000057546
000057547
000057548
000057549
000057550
000057551
000057552
000057553
000057554
000057555
000057556
000057557
000057558
000057559
000057560
000057561
000057562
000057563
000057564
000057565
000057566
000057567
000057568
000057569
000057570
000057571
000057572
000057573
000057574
000057575
000057576
000057577
000057578
000057579
000057581
000057582
000057583
000057584
000057585
000057586
000057587
000057588
000057589
000057590
000057591
000057592
000057593
000057594
000057595
000057596
000057597
000057598
000057599
000057600
000057601
000057602
000057603
000057604
000057605
000057606
000057607
000057608
000057609
000057610
000057611
000057612
000057613
000057614
000057615
000057616
000057617
000057618
000057619
000057620
000057621
000057622
000057623
000057624
000057625
000057626
000057627
000057628
000057629
000057630
000057631
000057632
000057633
000057634
000057635
000057636
000057637
000057638
000057639
000057640
000057641
000057642
000057643
000057644
000057645
000057646
000057647
000057648
000057649
000057650
000057651
000057652
000057653
000057654
000057655
000057656
000057657
000057658
000057659
000057660
000057661
000057662
000057663
000057664
000057665
000057666
000057667
000057668
000057669
000057670
000057671
000057672
000057673
000057674
000057675
000057676
000057677
000057678
000057679
000057680
000057681
000057682
000057683
000057684
000057685
000057686
000057687
000057688
000057689
000057690
000057691
000057692
000057693
000057694
000057695
000057696
000057697
000057698
000057699
000057700
000057701
000057702
000057703
000057704
000057705
000057706
000057707
000057708
000057709
000057710
000057711
000057712
000057713
000057714
000057715
000057716
000057717
000057718
000057719
000057720
000057721
000057722
000057723
000057724
000057725
000057726
000057727
000057728
000057729
000057730
000057731
000057732
000057733
000057734
000057735
000057736
000057737
000057738
000057739
000057740
000057741
000057742
000057743
000057744
000057745
000057746
000057747
000057748
000057749
000057750
000057751
000057752
000057753
000057754
000057755
000057756
000057757
000057758
000057759
000057760
000057761
000057762
000057763
000057764
000057765
000057766
000057767
000057768
000057769
000057770
000057771
000057772
000057773
000057774
000057775
000057776
000057777
000057778
000057779
000057780
000057781
000057782
000057783
000057784
000057785
000057786
000057787
000057788
000057789
000057790
000057791
000057792
000057793
000057794
000057795
000057796
000057797
000057798
000057799
000057800
000057801
000057802
000057803
000057804
000057805
000057806
000057807
000057808
000057809
000057810
000057811
000057812
000057813
000057814
000057815
000057816
000057817
000057818
000057819
000057820
000057821
000057822
000057823
000057824
000057825
000057826
000057827
000057828
000057829
000057830
000057831
000057832
000057833
000057834
000057835
000057836
000057837
000057838
000057839
000057840
000057841
000057842
000057843
000057844
000057845
000057846
000057847
000057848
000057849
000057850
000057851
000057852
000057853
000057854
000057855
000057856
000057857
000057858
000057859
000057860
000057861
000057862
000057863
000057864
000057865
000057866
000057867
000057868
000057869
000057870
000057871
000057872
000057873
000057874
000057875
000057876
000057877
000057878
000057879
000057880
000057881
000057882
000057883
000057884
000057885
000057886
000057887
000057888
000057889
000057890
000057891
000057892
000057893
000057894
000057895
000057896
000057897
000057898
000057899
000057900
000057901
000057902
000057903
000057904
000057905
000057906
000057907
000057908
000057912
000057913
000057914
000057915
000057916
000057917
000057918
000057919
000057920
000057921
000057922
000057923
000057924
000057925
000057926
000057927
000057928
000057929
000057930
000057931
000057932
000057933
000057934
000057935
000057936
000057937
000057938
000057939
000057940
000057941
000057942
000057943
000057944
000057945
000057946
000057947
000057948
000057949
000057950
000057951
000057952
000057953
000057954
000057955
000057956
000057957
000057958
000057959
000057960
000057961
000057962
000057963
000057964
000057965
000057966
000057967
000057968
000057969
000057970
000057971
000057972
000057973
000057974
000057975
000057976
000057977
000057978
000057979
000057980
000057981
000057982
000057983
000057984
000057985
000057986
000057987
000057988
000057989
000057990
000057991
000057992
000057993
000057994
000057995
000057996
000057997
000057998
000057999
000058000
000058001
000058002
000058003
000058004
000058005
000058006
000058007
000058008
000058009
000058010
000058011
000058012
000058013
000058014
000058015
000058016
000058017
000058018
000058019
000058020
000058021
000058022
000058023
000058024
000058025
000058026
000058027
000058028
000058029
000058030
000058031
000058032
000058033
000058034
000058035
000058036
000058037
000058038
000058039
000058040
000058041
000058042
000058043
000058044
000058045
000058046
000058047
000058048
000058049
000058050
000058051
000058052
000058053
000058054
000058055
000058056
000058057
000058058
000058059
000058060
000058061
000058062
000058063
000058064
000058065
000058066
000058067
000058068
000058069
000058070
000058071
000058072
000058073
000058074
000058075
000058076
000058077
000058078
000058079
000058080
000058081
000058082
000058083
000058084
000058085
000058086
000058087
000058088
000058089
000058090
000058091
000058092
000058093
000058094
000058095
000058096
000058097
000058098
000058099
000058100
000058101
000058102
000058103
000058104
000058105
000058106
000058107
000058108
000058109
000058110
000058111
000058112
000058113
000058114
000058115
000058116
000058117
000058118
000058119
000058120
000058121
000058122
000058123
000058124
000058125
000058126
000058127
000058128
000058129
000058130
000058131
000058132
000058133
000058134
000058135
000058136
000058137
000058138
000058139
000058140
000058141
000058142
000058143
000058144
000058145
000058146
000058147
000058148
000058149
000058150
000058151
000058152
000058153
000058154
000058155
000058156
000058157
000058158
000058159
000058160
000058161
000058162
000058164
000058165
000058166
000058167
000058168
000058169
000058170
000058171
000058172
000058173
000058174
000058175
000058176
000058177
000058178
000058179
000058180
000058181
000058182
000058183
000058184
000058185
000058186
000058187
000058188
000058189
000058190
000058191
000058192
000058193
000058194
000058195
000058196
000058197
000058198
000058199
000058200
000058201
000058202
000058203
000058204
000058205
000058206
000058207
000058208
000058209
000058210
000058211
000058212
000058213
000058214
000058215
000058216
000058217
000058218
000058219
000058220
000058221
000058222
000058223
000058224
000058225
000058226
000058227
000058228
000058229
000058230
000058231
000058232
000058233
000058234
000058235
000058236
000058237
000058238
000058239
000058240
000058241
000058242
000058243
000058244
000058245
000058246
000058247
000058248
000058249
000058250
000058251
000058252
000058253
000058254
000058255
000058256
000058257
000058258
000058259
000058260
000058261
000058262
000058263
000058264
000058265
000058266
000058267
000058268
000058269
000058270
000058271
000058272
000058273
000058274
000058275
000058276
000058277
000058278
000058279
000058280
000058281
000058282
000058283
000058284
000058285
000058286
000058287
000058288
000058289
000058290
000058291
000058292
000058293
000058294
000058295
000058296
000058297
000058298
000058299
000058300
000058301
000058302
000058303
000058304
000058305
000058306
000058307
000058308
000058309
000058310
000058311
000058312
000058313
000058314
000058315
000058316
000058317
000058318
000058319
000058320
000058321
000058322
000058323
000058324
000058325
000058326
000058327
000058328
000058329
000058330
000058331
000058332
000058333
000058334
000058335
000058336
000058337
000058338
000058339
000058340
000058341
000058342
000058343
000058344
000058345
000058346
000058348
000058349
000058350
000058351
000058352
000058353
000058354
000058355
000058356
000058357
000058358
000058359
000058360
000058361
000058362
000058363
000058364
000058365
000058366
000058367
000058368
000058369
000058370
000058371
000058372
000058373
000058374
000058375
000058376
000058377
000058378
000058379
000058380
000058381
000058382
000058383
000058384
000058385
000058386
000058387
000058388
000058389
000058390
000058391
000058392
000058393
000058394
000058395
000058396
000058397
000058398
000058399
000058400
000058401
000058402
000058403
000058404
000058405
000058406
000058407
000058408
000058409
000058410
000058411
000058413
000058414
000058415
000058416
000058417
000058418
000058419
000058420
000058421
000058422
000058423
000058424
000058425
000058426
000058427
000058428
000058429
000058430
000058431
000058432
000058433
000058434
000058435
000058436
000058437
000058438
000058439
000058440
000058441
000058442
000058443
000058444
000058445
000058446
000058447
000058448
000058449
000058450
000058451
000058452
000058453
000058454
000058455
000058456
000058457
000058458
000058459
000058460
000058461
000058462
000058463
000058464
000058465
000058466
000058467
000058468
000058469
000058470
000058471
000058472
000058473
000058474
000058475
000058476
000058477
000058478
000058479
000058480
000058481
000058482
000058483
000058484
000058485
000058486
000058487
000058488
000058489
000058490
000058491
000058492
000058493
000058494
000058495
000058496
000058497
000058498
000058499
000058500
000058501
000058502
000058503
000058504
000058505
000058506
000058507
000058508
000058509
000058510
000058511
000058512
000058513
000058514
000058515
000058516
000058517
000058518
000058519
000058521
000058522
000058523
000058524
000058525
000058526
000058527
000058528
000058529
000058531
000058532
000058533
000058534
000058535
000058536
000058537
000058538
000058539
000058540
000058541
000058542
000058543
000058544
000058545
000058546
000058547
000058548
000058549
000058550
000058551
000058552
000058553
000058554
000058555
000058556
000058557
000058558
000058559
000058560
000058561
000058562
000058563
000058564
000058565
000058566
000058567
000058568
000058569
000058570
000058571
000058572
000058573
000058574
000058575
000058576
000058577
000058578
000058579
000058580
000058581
000058582
000058583
000058584
000058585
000058586
000058587
000058588
000058589
000058590
000058591
000058592
000058593
000058594
000058595
000058596
000058597
000058598
000058599
000058600
000058601
000058602
000058603
000058604
000058605
000058606
000058607
000058608
000058609
000058610
000058611
000058612
000058613
000058614
000058615
000058616
000058617
000058618
000058619
000058620
000058621
000058622
000058623
000058624
000058626
000058627
000058628
000058630
000058631
000058632
000058633
000058634
000058635
000058636
000058637
000058638
000058639
000058640
000058641
000058642
000058643
000058645
000058646
000058647
000058648
000058649
000058650
000058652
000058653
000058654
000058655
000058656
000058657
000058658
000058659
000058660
000058661
000058662
000058663
000058664
000058665
000058666
000058667
000058668
000058669
000058670
000058671
000058672
000058673
000058674
000058675
000058676
000058677
000058678
000058679
000058680
000058681
000058682
000058683
000058684
000058685
000058686
000058687
000058688
000058689
000058690
000058691
000058692
000058693
000058694
000058695
000058696
000058697
000058698
000058699
000058700
000058701
000058702
000058703
000058704
000058705
000058706
000058707
000058708
000058709
000058710
000058711
000058712
000058713
000058714
000058715
000058716
000058717
000058718
000058719
000058720
000058721
000058722
000058723
000058724
000058725
000058726
000058727
000058728
000058729
000058730
000058731
000058732
000058733
000058734
000058735
000058736
000058737
000058738
000058739
000058740
000058741
000058742
000058743
000058744
000058745
000058746
000058747
000058748
000058749
000058750
000058751
000058752
000058753
000058754
000058755
000058756
000058757
000058758
000058759
000058760
000058761
000058762
000058763
000058764
000058765
000058766
000058767
000058768
000058769
000058770
000058771
000058772
000058773
000058774
000058775
000058776
000058777
000058778
000058779
000058780
000058781
000058782
000058783
000058784
000058785
000058786
000058787
000058788
000058789
000058790
000058791
000058792
000058793
000058794
000058795
000058796
000058797
000058798
000058799
000058800
000058801
000058802
000058803
000058804
000058805
000058806
000058807
000058808
000058809
000058810
000058811
000058812
000058813
000058814
000058815
000058816
000058817
000058818
000058819
000058820
000058821
000058822
000058823
000058824
000058825
000058826
000058827
000058828
000058829
000058830
000058831
000058832
000058833
000058834
000058835
000058836
000058837
000058838
000058839
000058840
000058841
000058842
000058843
000058844
000058845
000058846
000058847
000058848
000058849
000058850
000058851
000058852
000058853
000058854
000058855
000058856
000058857
000058858
000058859
000058860
000058861
000058862
000058863
000058864
000058865
000058866
000058867
000058868
000058870
000058871
000058872
000058873
000058875
000058876
000058877
000058878
000058879
000058880
000058881
000058882
000058883
000058884
000058885
000058886
000058887
000058888
000058889
000058890
000058891
000058892
000058893
000058894
000058895
000058896
000058897
000058898
000058899
000058900
000058901
000058902
000058903
000058904
000058905
000058906
000058907
000058908
000058909
000058910
000058911
000058912
000058913
000058914
000058915
000058916
000058917
000058918
000058919
000058920
000058921
000058922
000058923
000058924
000058925
000058926
000058927
000058928
000058929
000058930
000058931
000058932
000058933
000058934
000058935
000058936
000058937
000058938
000058939
000058940
000058941
000058942
000058943
000058944
000058945
000058946
000058947
000058948
000058949
000058950
000058951
000058952
000058953
000058954
000058955
000058956
000058957
000058958
000058959
000058960
000058961
000058962
000058963
000058964
000058965
000058966
000058967
000058968
000058969
000058970
000058971
000058972
000058973
000058974
000058975
000058976
000058977
000058978
000058979
000058980
000058981
000058982
000058983
000058984
000058985
000058986
000058987
000058988
000058989
000058990
000058991
000058992
000058993
000058994
000058995
000058996
000058997
000058998
000058999
000059000
000059001
000059002
000059003
000059004
000059005
000059006
000059007
000059008
000059009
000059010
000059011
000059012
000059013
000059014
000059015
000059016
000059017
000059018
000059019
000059020
000059021
000059022
000059023
000059024
000059025
000059026
000059027
000059028
000059029
000059030
000059031
000059032
000059033
000059034
000059035
000059036
000059037
000059038
000059039
000059040
000059041
000059042
000059043
000059044
000059045
000059046
000059047
000059048
000059049
000059050
000059051
000059052
000059053
000059054
000059055
000059056
000059057
000059058
000059059
000059060
000059061
000059062
000059063
000059064
000059065
000059066
000059067
000059068
000059069
000059070
000059071
000059072
000059073
000059074
000059075
000059076
000059077
000059078
000059079
000059080
000059081
000059082
000059083
000059084
000059085
000059086
000059087
000059088
000059089
000059090
000059091
000059092
000059093
000059094
000059095
000059096
000059097
000059098
000059099
000059100
000059101
000059102
000059103
000059104
000059105
000059106
000059107
000059108
000059109
000059110
000059111
000059112
000059113
000059114
000059115
000059116
000059117
000059118
000059119
000059120
000059121
000059122
000059123
000059124
000059125
000059126
000059127
000059128
000059129
000059130
000059131
000059132
000059133
000059134
000059135
000059136
000059137
000059138
000059139
000059140
000059141
000059142
000059143
000059144
000059145
000059146
000059147
000059148
000059149
000059150
000059151
000059152
000059153
000059154
000059155
000059156
000059157
000059158
000059159
000059160
000059161
000059162
000059163
000059164
000059165
000059166
000059167
000059168
000059169
000059170
000059171
000059172
000059173
000059174
000059175
000059176
000059177
000059178
000059179
000059180
000059181
000059182
000059183
000059184
000059185
000059186
000059187
000059188
000059189
000059190
000059191
000059192
000059193
000059194
000059195
000059196
000059197
000059198
000059199
000059200
000059201
000059202
000059203
000059204
000059205
000059206
000059207
000059208
000059209
000059210
000059211
000059212
000059213
000059214
000059215
000059216
000059217
000059218
000059219
000059220
000059221
000059222
000059223
000059224
000059225
000059226
000059227
000059228
000059229
000059230
000059231
000059232
000059233
000059234
000059235
000059236
000059237
000059238
000059239
000059240
000059241
000059242
000059243
000059244
000059245
000059246
000059247
000059248
000059249
000059250
000059251
000059252
000059253
000059254
000059255
000059256
000059257
000059258
000059259
000059260
000059261
000059262
000059263
000059264
000059265
000059266
000059267
000059268
000059269
000059270
000059271
000059272
000059273
000059274
000059275
000059276
000059277
000059278
000059279
000059280
000059281
000059282
000059283
000059284
000059285
000059286
000059287
000059288
000059289
000059290
000059291
000059292
000059293
000059294
000059295
000059296
000059297
000059298
000059299
000059300
000059301
000059302
000059303
000059304
000059305
000059306
000059307
000059308
000059309
000059310
000059311
000059312
000059313
000059314
000059315
000059316
000059317
000059318
000059319
000059320
000059321
000059322
000059323
000059324
000059325
000059326
000059327
000059328
000059329
000059330
000059331
000059332
000059333
000059334
000059335
000059336
000059337
000059338
000059339
000059340
000059341
000059342
000059343
000059344
000059345
000059346
000059347
000059348
000059349
000059350
000059351
000059352
000059353
000059354
000059355
000059356
000059357
000059358
000059359
000059360
000059361
000059362
000059363
000059364
000059365
000059366
000059367
000059368
000059369
000059370
000059371
000059372
000059373
000059374
000059375
000059376
000059377
000059378
000059379
000059380
000059381
000059382
000059383
000059384
000059385
000059386
000059387
000059388
000059389
000059390
000059391
000059392
000059393
000059394
000059395
000059396
000059397
000059398
000059399
000059400
000059401
000059402
000059403
000059404
000059405
000059406
000059407
000059408
000059409
000059410
000059411
000059412
000059413
000059414
000059415
000059416
000059417
000059418
000059419
000059420
000059421
000059422
000059423
000059424
000059425
000059426
000059427
000059428
000059429
000059430
000059431
000059432
000059433
000059434
000059435
000059436
000059437
000059438
000059439
000059440
000059441
000059442
000059443
000059444
000059445
000059446
000059447
000059448
000059449
000059450
000059451
000059452
000059453
000059454
000059455
000059456
000059457
000059458
000059459
000059460
000059461
000059462
000059463
000059464
000059465
000059466
000059467
000059468
000059469
000059470
000059471
000059472
000059473
000059474
000059475
000059476
000059477
000059478
000059479
000059480
000059481
000059482
000059483
000059484
000059485
000059486
000059487
000059488
000059489
000059490
000059491
000059492
000059493
000059494
000059495
000059496
000059497
000059498
000059499
000059500
000059501
000059502
000059503
000059504
000059505
000059506
000059507
000059508
000059509
000059510
000059511
000059512
000059513
000059514
000059515
000059516
000059517
000059518
000059519
000059520
000059521
000059522
000059523
000059524
000059525
000059526
000059527
000059528
000059529
000059530
000059531
000059532
000059533
000059534
000059535
000059536
000059537
000059538
000059539
000059540
000059541
000059542
000059543
000059544
000059545
000059546
000059547
000059548
000059549
000059550
000059551
000059552
000059553
000059554
000059555
000059556
000059557
000059558
000059559
000059560
000059561
000059562
000059563
000059564
000059565
000059566
000059567
000059568
000059569
000059570
000059571
000059572
000059573
000059574
000059575
000059576
000059577
000059578
000059579
000059580
000059581
000059582
000059583
000059584
000059585
000059586
000059587
000059588
000059589
000059590
000059591
000059592
000059593
000059594
000059595
000059596
000059597
000059598
000059599
000059600
000059601
000059602
000059603
000059604
000059605
000059606
000059607
000059608
000059609
000059610
000059611
000059615
000059616
000059617
000059618
000059619
000059620
000059621
000059622
000059623
000059624
000059625
000059626
000059627
000059628
000059629
000059630
000059631
000059632
000059633
000059634
000059635
000059636
000059637
000059638
000059639
000059640
000059641
000059642
000059643
000059644
000059645
000059646
000059647
000059648
000059649
000059650
000059651
000059652
000059653
000059654
000059655
000059656
000059657
000059658
000059659
000059660
000059661
000059662
000059663
000059664
000059665
000059666
000059667
000059668
000059669
000059670
000059671
000059672
000059673
000059674
000059675
000059676
000059677
000059678
000059679
000059680
000059681
000059682
000059683
000059684
000059685
000059686
000059687
000059688
000059689
000059690
000059691
000059692
000059693
000059694
000059695
000059696
000059697
000059698
000059699
000059700
000059701
000059702
000059703
000059704
000059705
000059706
000059707
000059708
000059709
000059710
000059711
000059712
000059713
000059714
000059715
000059716
000059717
000059718
000059719
000059720
000059721
000059722
000059723
000059724
000059725
000059726
000059727
000059728
000059729
000059730
000059731
000059732
000059733
000059734
000059735
000059736
000059737
000059738
000059739
000059740
000059741
000059742
000059743
000059744
000059745
000059746
000059747
000059748
000059749
000059750
000059751
000059752
000059753
000059754
000059755
000059756
000059757
000059758
000059759
000059760
000059761
000059762
000059763
000059764
000059765
000059766
000059767
000059768
000059769
000059770
000059771
000059772
000059773
000059774
000059775
000059776
000059777
000059778
000059779
000059780
000059781
000059782
000059783
000059784
000059785
000059786
000059787
000059788
000059789
000059790
000059791
000059792
000059793
000059794
000059795
000059796
000059797
000059798
000059799
000059800
000059801
000059802
000059803
000059804
000059805
000059806
000059807
000059808
000059809
000059810
000059811
000059812
000059813
000059814
000059815
000059816
000059817
000059818
000059819
000059820
000059821
000059822
000059823
000059824
000059825
000059826
000059827
000059828
000059829
000059830
000059831
000059832
000059833
000059834
000059835
000059836
000059837
000059838
000059839
000059840
000059841
000059842
000059843
000059844
000059845
000059846
000059847
000059848
000059849
000059850
000059851
000059852
000059853
000059854
000059855
000059856
000059857
000059858
000059859
000059860
000059861
000059862
000059863
000059864
000059865
000059866
000059867
000059868
000059869
000059870
000059871
000059872
000059873
000059874
000059875
000059876
000059877
000059878
000059879
000059880
000059881
000059882
000059883
000059884
000059885
000059886
000059887
000059888
000059889
000059890
000059891
000059892
000059893
000059894
000059895
000059896
000059897
000059898
000059899
000059900
000059901
000059902
000059903
000059904
000059905
000059906
000059907
000059908
000059909
000059910
000059911
000059912
000059913
000059914
000059915
000059916
000059917
000059918
000059919
000059920
000059921
000059922
000059923
000059924
000059925
000059926
000059927
000059928
000059929
000059930
000059931
000059932
000059933
000059934
000059935
000059936
000059937
000059938
000059939
000059940
000059941
000059942
000059943
000059944
000059945
000059946
000059947
000059948
000059949
000059950
000059951
000059952
000059953
000059954
000059955
000059956
000059957
000059958
000059959
000059960
000059961
000059962
000059963
000059964
000059965
000059966
000059967
000059968
000059969
000059970
000059971
000059972
000059973
000059974
000059975
000059976
000059977
000059978
000059979
000059980
000059981
000059982
000059983
000059984
000059985
000059986
000059987
000059988
000059989
000059990
000059991
000059992
000059993
000059994
000059995
000059996
000059997
000059998
000059999
000060000
000060001
000060002
000060003
000060004
000060005
000060006
000060007
000060008
000060009
000060010
000060011
000060012
000060013
000060014
000060015
000060016
000060017
000060018
000060019
000060020
000060021
000060022
000060023
000060024
000060025
000060026
000060027
000060028
000060029
000060030
000060031
000060032
000060033
000060034
000060035
000060036
000060037
000060038
000060039
000060040
000060041
000060042
000060043
000060044
000060045
000060046
000060047
000060048
000060049
000060050
000060051
000060052
000060053
000060054
000060055
000060056
000060057
000060058
000060059
000060060
000060061
000060062
000060063
000060064
000060065
000060066
000060067
000060068
000060069
000060070
000060071
000060072
000060073
000060074
000060075
000060076
000060077
000060078
000060079
000060080
000060081
000060082
000060083
000060084
000060085
000060086
000060087
000060088
000060089
000060090
000060091
000060092
000060093
000060094
000060095
000060096
000060097
000060098
000060099
000060100
000060101
000060102
000060103
000060104
000060105
000060106
000060107
000060108
000060109
000060110
000060111
000060112
000060113
000060114
000060115
000060116
000060117
000060118
000060119
000060120
000060121
000060122
000065656
000065657
000069509
000070818
000070819
000070821
000070822
000070863
000073009
000075282
000077473
000077474
000077475
000077476
000077477
000082277
000082635
000082936
000082938
000086340
000086342
000086907
000108738
000108750
000110625
000110630
000121314
000123943
000123971
000169893
000169895
000169896
000187036
000187038
000187054
000202483
000203933
000203934
000203970
000204386
000204387
000206267
000206346
000207128
000207388
000211876
000234498
000234504
000234508
000234521
000234529
000265879
000265880
000265881
000265882
000265912
000265913
000265914
000266461
000267013
000267019
000267247
000267248
000267542
000267645
000267646
000267648
000270677
000300161
000307918
000307919
000307920
000307921
000307922
000307923
000307924
000307925
000307926
000307927
000307928
