000056978
000056979
000056980
000056981
000056982
000056983
000056984
000056985
000056986
000056987
000056988
000056989
000056990
000056991
000056992
000056993
000056994
000056995
000056996
000056997
000056998
000056999
000057000
000057001
000057002
000057003
000057004
000057005
000057006
000057007
000057008
000057009
000057010
000057011
000057012
000057013
000057014
000057015
000057016
000057017
000057018
000057019
000057020
000057021
000057022
000057023
000057024
000057025
000057026
000057027
000057028
000057029
000057030
000057031
000057032
000057033
000057034
000057035
000057036
000057037
000057038
000057039
000057040
000057041
000057042
000057043
000057044
000057045
000057046
000057047
000057048
000057049
000057050
000057051
000057052
000057053
000057054
000057055
000057056
000057057
000057058
000057059
000057060
000057061
000057062
000057063
000057064
000057065
000057066
000057067
000057068
000057069
000057070
000057071
000057072
000057073
000057074
000057075
000057076
000057077
000057078
000057079
000057080
000057081
000057082
000057083
000057084
000057085
000057086
000057087
000057088
000057089
000057090
000057091
000057092
000057093
000057094
000057095
000057096
000057097
000057098
000057099
000057100
000057101
000057102
000057103
000057104
000057105
000057106
000057107
000057108
000057109
000057110
000057111
000057112
000057113
000057114
000057115
000057116
000057117
000057118
000057119
000057120
000057121
000057122
000057123
000057124
000057125
000057126
000057127
000057128
000057129
000057130
000057131
000057132
000057133